Main : Generating SEAL PArameters
Main : Generating galois_keys
Initializing server
Map the keywords
Initializing database
Main: Creating the database with random data 
Main: Starting to process the database
Elements num is 8192
database palintexts size is 512
database generated!
Generate random query keyword
Main : You want to fuzzy query all items containing 7406
binary string generated
query generated!
Main : Relink size is 2167863
query serialized!
Query deserialized!
Server : expanded over
Server: expanded query multiply the keyword
Server : add the keyword slot based on block encoding
Server: start find the desire slot in keyword codeword
multiply many over
Reply generated!
76 251 195 249 244 220 30 110 91 159 175 54 113 112 198 211 211 28 4 230 146 20 185 49 236 201 151 119 217 206 245 87 47 1 1 222 207 67 60 60 145 158 181 244 130 156 109 137 33 182 177 121 28 33 75 135 123 86 252 148 231 234 14 66 124 90 250 199 172 117 98 214 81 139 255 143 46 120 236 199 38 202 131 10 165 100 58 109 79 56 230 245 248 164 24 161 218 109 76 244 175 174 2 106 93 225 178 21 42 91 1 50 73 82 42 152 144 236 200 93 141 10 54 113 224 151 72 238 136 219 136 192 224 43 166 60 92 205 113 193 176 68 176 233 221 181 124 116 78 29 45 238 135 65 250 214 80 105 67 148 65 82 245 113 167 238 143 245 8 125 23 169 160 234 0 245 106 187 158 141 125 53 160 135 255 52 234 231 172 143 85 8 25 7 14 113 62 170 214 228 159 186 73 247 54 247 179 166 192 195 60 159 93 215 129 137 120 216 214 26 41 206 65 149 133 221 50 47 195 50 120 74 57 216 194 244 138 12 155 81 204 75 222 30 73 144 230 191 230 5 139 76 149 88 153 195 110 4 107 186 30 49 4 250 102 229 128 205 199 30 64 103 226 147 33 7 86 167 155 35 129 227 6 144 176 219 113 248 1 157 110 28 84 61 12 116 98 43 12 21 209 102 92 91 41 151 184 178 171 177 168 107 186 225 91 131 228 146 126 91 98 42 144 174 68 14 200 13 254 215 124 246 109 79 225 140 8 232 84 151 234 161 236 81 223 222 137 119 203 93 204 140 81 175 8 4 191 163 186 5 155 242 7 133 121 97 250 153 247 83 163 232 156 81 85 94 127 11 72 107 230 247 32 207 154 215 129 22 235 95 125 67 59 176 56 55 179 97 222 137 27 27 20 208 87 92 191 181 168 12 118 239 45 14 244 149 81 174 208 234 115 226 230 1 145 229 150 191 98 54 62 105 223 46 5 243 147 96 180 154 89 129 174 81 80 51 76 134 103 169 203 94 26 36 225 50 170 90 249 57 211 200 61 143 145 239 178 248 36 69 173 191 179 11 102 164 6 230 159 179 135 249 204 107 177 109 33 10 90 40 116 100 190 180 153 197 163 25 102 251 163 186 104 201 174 252 131 160 229 162 103 56 127 254 59 84 85 36 8 33 208 30 76 212 53 216 98 240 12 1 13 127 171 249 57 186 255 204 29 251 77 255 214 113 25 27 10 101 34 68 60 152 247 205 255 131 118 219 246 73 27 172 219 252 100 98 133 216 87 128 201 193 7 132 159 223 32 40 81 195 34 172 2 82 111 117 8 168 225 154 105 112 143 164 42 28 114 27 111 142 231 169 16 207 229 48 206 102 168 63 1 12 235 99 165 2 103 4 93 138 64 230 158 44 114 98 225 48 230 34 164 126 160 225 186 184 39 49 73 46 171 82 245 14 169 196 66 104 123 193 65 179 0 22 50 114 249 10 35 153 65 225 30 76 125 247 224 70 161 155 212 50 89 11 190 63 64 8 68 159 179 225 200 247 55 176 98 15 208 4 180 16 100 94 130 2 100 66 112 51 95 195 237 145 1 79 165 146 242 50 78 156 162 37 115 208 243 147 231 221 26 117 48 224 2 164 16 241 47 4 52 184 26 47 216 116 139 135 104 211 42 151 100 126 214 34 227 188 200 221 112 176 3 160 147 94 211 101 113 168 150 212 164 107 244 133 198 165 111 15 7 190 118 17 197 24 157 98 217 110 229 179 74 147 225 104 6 69 140 16 250 112 249 210 168 91 93 45 186 195 62 97 193 55 163 119 196 12 188 5 140 56 123 15 210 141 164 224 123 245 119 210 32 214 31 115 102 54 197 182 41 241 182 222 212 83 237 192 67 29 83 113 72 181 128 56 52 62 0 234 54 136 253 222 140 152 236 182 9 103 119 59 2 251 110 152 151 246 84 129 120 155 83 231 243 65 163 226 7 252 107 120 62 202 111 85 21 4 248 55 183 93 115 76 144 139 167 113 27 171 242 27 57 254 234 42 118 27 16 100 85 32 225 254 233 201 189 249 182 30 203 225 106 146 153 226 176 251 252 90 54 122 135 112 93 186 231 61 220 184 170 251 123 237 244 239 213 49 142 137 127 79 47 111 146 154 80 228 13 117 150 36 22 135 190 102 254 76 47 235 25 134 113 91 13 223 228 85 174 150 64 135 81 250 37 218 137 178 187 16 213 24 41 143 187 76 165 123 177 124 92 42 31 239 184 215 196 188 232 231 253 84 202 27 157 182 127 31 29 127 139 79 13 171 
Main: PIR result conrrect!
Main: PIR predatabase time is 101
Main: PIRClient query time is 1
Main: PIRClient serialization time is 1
Main: PIRClient deserialization time is 0
Main: PIRServer reply time is 5688
Main: Query size is 216384
Main: Reply size is 103113
