Main : Generating SEAL PArameters
Main : Generating galois_keys
Initializing server
Map the keywords
Initializing database
Main: Creating the database with random data 
Main: Starting to process the database
Elements num is 65536
database palintexts size is 4096
database generated!
Generate random query keyword
Main : You want to fuzzy query all items containing 46624
binary string generated
query generated!
Main : Relink size is 2167681
query serialized!
Query deserialized!
Server : expanded over
Server: expanded query multiply the keyword
Server : add the keyword slot based on block encoding
Server: start find the desire slot in keyword codeword
multiply many over
multiply many over
multiply many over
multiply many over
multiply many over
multiply many over
multiply many over
multiply many over
Reply generated!
113 59 128 116 160 113 147 72 165 66 199 143 74 101 53 121 119 207 171 93 8 229 98 66 120 150 84 4 151 77 209 2 214 246 223 150 56 149 43 194 238 104 30 146 196 208 110 93 20 75 37 74 26 223 104 182 164 19 66 97 132 227 165 126 5 140 69 113 123 127 1 100 233 108 213 141 97 142 178 113 230 71 4 229 30 14 106 27 74 180 147 44 114 224 156 55 135 61 253 185 195 108 210 195 55 237 57 221 101 70 46 53 70 79 210 156 204 156 118 152 246 78 244 63 79 69 252 143 163 165 30 250 117 50 82 29 175 13 249 25 101 20 157 194 5 191 239 110 30 119 39 222 72 127 143 243 182 70 160 44 191 216 125 37 124 215 35 72 57 128 153 119 189 66 188 26 95 33 20 81 52 214 10 69 120 144 249 140 155 25 23 22 15 215 146 161 224 21 59 158 95 157 156 64 6 219 184 74 204 51 178 122 43 63 57 60 127 246 80 124 20 132 184 169 170 153 149 217 50 150 116 228 54 87 65 42 35 24 184 33 154 28 140 195 5 238 164 213 196 148 233 18 228 143 245 190 26 56 64 4 230 3 195 4 184 249 79 67 78 133 194 144 212 89 119 40 99 114 44 46 16 114 134 174 100 187 222 164 4 18 29 232 163 23 132 3 99 32 151 58 222 173 244 219 24 214 255 121 244 174 249 170 106 129 180 129 57 114 243 10 52 166 111 181 166 15 165 135 47 116 92 113 232 223 89 50 250 246 45 87 120 194 61 184 22 235 5 54 6 225 127 48 241 79 147 92 144 112 10 28 12 7 131 248 211 32 195 222 23 205 219 70 107 195 52 172 206 157 23 122 2 50 82 188 162 140 29 192 20 205 101 162 169 112 88 115 121 29 129 57 70 180 86 128 61 208 149 105 146 96 180 31 66 61 107 239 48 246 228 19 212 102 134 248 132 186 9 33 224 240 182 168 50 95 22 13 122 193 12 69 33 140 239 44 6 116 46 65 234 73 146 11 89 57 137 175 43 133 118 135 22 182 27 163 106 91 79 97 169 69 9 162 220 85 31 84 176 179 85 78 161 153 231 94 242 139 232 67 87 116 103 173 151 191 184 139 113 232 231 103 14 23 230 90 53 234 28 189 190 78 45 126 97 247 191 180 115 31 39 246 129 223 223 214 126 180 198 205 84 80 189 13 118 24 54 236 85 157 170 0 191 105 116 245 167 212 176 180 206 198 23 226 66 168 194 237 116 231 137 238 7 74 42 136 48 183 33 79 245 12 26 1 76 216 192 70 46 245 52 129 100 25 6 189 189 85 35 75 73 90 134 245 114 243 58 245 10 63 120 92 148 131 225 235 60 229 208 5 250 164 221 179 25 25 207 111 66 130 9 49 115 188 126 233 18 164 245 187 255 235 95 205 165 243 80 147 139 70 103 138 133 34 20 7 20 12 158 167 12 105 135 117 127 12 195 230 15 60 122 19 28 7 156 37 108 177 103 127 92 133 1 72 239 88 53 129 250 10 39 63 49 197 83 14 246 168 14 75 131 115 47 224 209 231 127 85 35 147 55 99 37 87 35 40 240 78 229 119 104 107 213 187 171 190 192 179 146 26 235 45 133 62 34 218 143 175 19 240 97 75 250 123 132 189 128 88 124 123 193 230 115 233 224 251 41 178 202 216 8 159 122 99 99 88 5 131 51 83 75 123 110 206 216 13 202 88 255 162 3 221 252 166 2 33 247 248 244 48 151 106 135 166 22 177 156 172 100 67 185 61 86 117 243 64 6 231 102 142 122 246 57 131 37 229 223 209 138 21 65 53 226 97 142 241 153 214 66 130 49 4 243 172 210 137 49 75 236 31 11 89 95 189 212 222 45 246 99 115 238 106 87 175 78 72 227 114 136 205 95 213 85 51 176 74 148 133 12 150 82 92 8 196 94 247 249 198 63 248 96 245 109 62 154 16 143 144 149 162 124 123 230 210 228 2 2 213 131 134 199 48 111 149 102 136 208 239 153 141 173 104 130 43 166 104 34 82 171 251 22 15 81 65 162 78 167 200 52 181 222 118 42 200 109 223 51 140 204 160 151 22 12 209 91 100 113 133 79 39 193 85 30 91 134 108 12 14 62 110 241 120 175 17 121 134 3 250 86 17 38 224 31 91 18 230 45 9 14 223 160 253 62 28 17 238 168 111 1 172 88 194 214 7 199 246 7 136 161 153 31 184 122 51 176 15 65 223 174 56 108 43 121 204 7 119 132 195 103 10 54 69 222 2 144 131 118 190 240 195 72 185 186 38 107 96 
Main: PIR result conrrect!
Main: PIR predatabase time is 821
Main: PIRClient query time is 1
Main: PIRClient serialization time is 1
Main: PIRClient deserialization time is 0
Main: PIRServer reply time is 8971
Main: Query size is 216324
Main: Reply size is 103109
