Main : Generating SEAL PArameters
Main : Generating galois_keys
Initializing server
Map the keywords
Initializing database
Main: Creating the database with random data 
Main: Starting to process the database
Elements num is 131072
database palintexts size is 8192
database generated!
Generate random query keyword
Main : You want to fuzzy query all items containing 56677
binary string generated
query generated!
Main : Relink size is 2167326
query serialized!
Query deserialized!
Server : expanded over
Server: expanded query multiply the keyword
Server : add the keyword slot based on block encoding
Server: start find the desire slot in keyword codeword
multiply many over
multiply many over
multiply many over
multiply many over
multiply many over
multiply many over
multiply many over
multiply many over
multiply many over
multiply many over
multiply many over
multiply many over
multiply many over
multiply many over
multiply many over
multiply many over
Reply generated!
101 242 30 184 111 17 63 232 158 198 243 29 138 84 45 213 92 205 24 98 141 249 195 97 137 73 215 157 187 5 89 56 153 97 14 252 238 23 113 19 145 185 50 64 225 205 65 220 240 98 45 100 200 180 251 157 57 93 78 135 146 58 147 44 209 114 208 98 159 232 134 35 67 219 24 81 201 113 143 116 141 56 66 184 108 162 201 147 98 183 10 68 54 165 78 3 127 195 225 198 38 62 149 207 56 134 231 219 31 153 198 151 4 207 236 71 89 170 225 177 204 202 31 231 84 182 90 53 221 223 223 136 164 22 167 244 215 84 177 214 177 143 253 162 172 63 179 16 131 62 15 80 244 223 58 169 166 218 125 188 17 203 186 35 148 4 135 36 178 54 228 223 133 3 122 176 34 24 83 134 86 37 240 252 105 75 16 162 158 67 246 14 97 104 139 223 41 4 235 235 3 220 73 47 150 181 111 33 43 141 126 142 33 89 21 84 254 98 37 201 176 96 175 201 166 92 150 67 237 233 203 1 246 81 4 82 195 31 245 160 242 181 111 177 204 0 176 26 83 111 16 130 80 177 49 78 229 205 189 96 60 237 238 239 196 104 131 235 168 66 47 175 8 3 113 29 9 20 253 214 158 52 77 244 244 63 136 51 41 153 207 193 120 181 86 71 218 162 6 216 212 137 100 36 135 178 199 183 43 57 196 118 190 51 160 36 19 161 72 127 197 197 106 224 9 82 95 207 66 7 48 187 194 203 169 254 140 196 103 29 225 48 226 100 37 234 32 186 125 36 118 86 9 180 227 181 117 205 94 255 33 86 20 149 84 214 86 164 152 10 154 171 163 245 11 29 229 204 167 230 124 209 158 236 79 111 108 155 161 234 73 135 106 140 194 229 3 20 17 123 225 205 217 98 124 21 57 88 164 37 60 230 135 145 82 15 122 152 224 225 224 177 83 250 242 194 27 14 206 215 156 133 84 188 51 149 15 149 222 178 234 53 76 79 49 240 198 137 192 73 64 164 182 157 73 243 162 236 82 177 28 81 18 41 76 33 126 204 108 204 29 167 53 68 90 139 181 123 227 224 71 13 126 137 58 232 130 201 104 255 182 253 43 43 175 146 5 74 232 103 125 242 72 241 24 19 194 107 141 193 137 234 185 248 133 185 17 195 17 237 233 224 146 244 99 33 212 157 124 91 182 145 120 150 237 16 112 182 217 247 207 117 238 150 165 160 14 241 78 233 229 242 229 64 5 196 255 66 137 134 202 209 82 45 161 95 75 120 125 191 125 140 215 45 168 215 135 78 126 82 32 43 27 44 85 224 215 202 164 80 70 255 103 207 36 226 140 200 243 73 83 18 127 129 10 137 235 8 122 158 146 237 68 9 156 232 67 161 11 11 62 196 160 66 37 87 68 178 213 121 208 21 253 188 157 181 215 154 210 71 223 217 219 32 5 4 151 155 69 110 175 54 121 153 128 210 4 152 144 81 99 168 152 181 223 32 210 136 214 221 222 249 154 54 123 225 110 153 1 92 204 28 219 255 244 185 242 27 177 223 228 168 39 158 208 65 30 24 237 241 64 246 47 77 139 253 88 98 191 183 185 86 106 74 141 159 46 41 214 108 10 242 214 117 250 37 204 140 178 140 190 166 25 8 243 250 138 15 245 112 243 0 5 4 46 235 121 220 233 156 215 88 112 249 82 237 81 4 50 39 96 125 25 230 76 56 200 198 160 18 122 163 110 115 132 10 94 19 124 144 207 67 48 51 83 8 51 2 27 189 146 184 20 136 20 69 102 96 105 240 216 135 137 119 242 101 207 80 207 20 71 220 148 52 125 125 130 98 16 88 75 94 179 204 188 228 221 50 61 248 23 134 0 120 186 106 163 191 86 150 26 137 184 181 79 88 134 119 61 248 71 70 137 59 219 241 193 38 4 92 155 218 192 121 246 37 225 159 255 210 231 114 188 213 163 238 125 227 18 72 172 74 184 252 57 205 236 154 214 195 65 249 213 83 170 132 219 171 175 74 249 164 109 225 250 30 2 92 9 133 17 93 178 7 15 110 192 69 4 103 8 95 174 82 108 15 167 206 12 16 72 38 118 171 151 113 72 228 60 246 188 62 94 237 38 126 98 5 108 10 64 70 245 98 214 146 253 102 145 72 46 51 229 31 193 163 64 200 199 24 82 193 41 202 27 52 106 8 132 114 160 132 15 84 227 235 92 100 4 201 138 90 97 138 243 226 59 214 89 6 197 42 18 143 79 105 231 188 105 126 159 234 35 27 178 140 43 91 149 61 111 47 77 41 
Main: PIR result conrrect!
Main: PIR predatabase time is 1647
Main: PIRClient query time is 1
Main: PIRClient serialization time is 1
Main: PIRClient deserialization time is 0
Main: PIRServer reply time is 12728
Main: Query size is 216377
Main: Reply size is 102986
