Main : Generating SEAL PArameters
Main : Generating galois_keys
Initializing server
Map the keywords
Initializing database
Main: Creating the database with random data 
Main: Starting to process the database
Elements num is 262144
database palintexts size is 16384
database generated!
Generate random query keyword
Main : You want to fuzzy query all items containing 10172
binary string generated
query generated!
Main : Relink size is 2167725
query serialized!
Query deserialized!
Server : expanded over
Server: expanded query multiply the keyword
Server : add the keyword slot based on block encoding
Server: start find the desire slot in keyword codeword
multiply many over
multiply many over
multiply many over
multiply many over
multiply many over
multiply many over
multiply many over
multiply many over
multiply many over
multiply many over
multiply many over
multiply many over
multiply many over
multiply many over
multiply many over
multiply many over
multiply many over
multiply many over
multiply many over
multiply many over
multiply many over
multiply many over
multiply many over
multiply many over
multiply many over
multiply many over
multiply many over
multiply many over
multiply many over
multiply many over
multiply many over
multiply many over
Reply generated!
241 166 215 44 125 42 81 110 73 8 91 205 40 7 118 122 35 130 63 84 29 99 203 70 89 106 38 3 154 53 244 73 143 91 116 85 127 232 3 233 109 108 233 188 73 14 81 230 106 97 87 214 126 134 143 4 86 252 177 212 254 151 147 6 28 43 148 155 243 200 223 14 111 188 106 131 0 185 6 34 122 126 73 7 161 163 116 125 75 60 155 5 53 147 201 222 7 53 59 49 10 105 247 97 185 112 67 19 36 38 46 229 134 107 182 65 158 10 109 44 76 139 8 144 222 12 98 220 245 205 52 138 15 37 45 31 69 63 203 240 134 37 58 81 87 47 180 23 24 131 68 25 10 154 97 86 169 6 28 118 15 4 235 86 21 30 54 219 74 213 167 47 70 137 242 218 216 53 145 53 254 190 148 94 192 155 122 138 223 185 239 87 113 139 71 115 61 82 239 243 24 27 185 151 46 147 46 43 226 43 246 220 249 44 203 166 145 17 27 47 168 145 210 188 99 7 112 204 105 140 74 234 201 206 130 40 51 31 67 179 140 175 215 246 53 119 9 46 103 91 185 32 183 95 207 189 146 84 65 100 120 144 8 20 195 111 195 38 195 68 38 127 22 76 181 193 163 107 50 104 72 93 34 154 69 98 31 52 198 191 184 182 246 169 169 217 146 95 117 34 30 37 207 117 193 158 122 175 242 113 234 240 141 181 136 88 77 180 47 201 56 129 146 126 122 228 31 80 174 11 132 172 23 217 184 116 95 189 65 4 33 169 239 170 78 23 133 20 166 118 234 81 9 23 48 155 223 10 20 222 148 115 1 143 190 58 131 200 242 225 221 17 247 150 147 53 12 184 70 82 166 183 20 44 213 221 63 203 230 232 124 69 80 220 83 193 7 132 222 6 242 51 221 143 111 145 49 118 177 242 95 246 142 28 200 88 28 170 74 109 142 90 237 19 252 10 35 90 166 209 78 96 225 133 27 43 232 147 205 11 1 102 135 142 84 160 43 158 120 241 33 111 158 227 124 202 131 190 110 64 192 241 177 38 131 39 160 16 249 80 147 137 161 215 22 67 129 169 15 9 255 190 243 41 64 250 203 127 159 54 215 175 168 97 214 163 167 212 221 2 218 76 226 179 112 129 97 34 237 247 60 83 30 50 166 149 107 255 70 251 14 116 154 46 90 221 63 166 64 119 65 187 183 253 32 168 153 116 251 245 162 224 241 40 35 66 223 92 113 233 40 89 158 160 44 197 207 243 2 185 221 151 6 72 191 138 44 204 160 125 5 17 227 214 25 59 115 109 185 173 63 119 108 36 131 126 7 153 236 179 137 90 71 90 23 79 223 99 219 246 137 63 136 47 16 239 62 41 27 137 136 145 18 94 223 131 89 8 18 187 152 204 221 244 254 246 179 255 33 71 219 243 176 253 149 35 89 144 248 70 190 85 55 139 11 146 57 117 19 186 80 196 194 86 197 147 85 34 148 75 238 2 126 232 129 162 30 152 187 9 145 2 233 129 120 52 127 181 26 23 83 20 148 78 213 217 245 73 159 143 172 233 70 65 132 232 244 67 90 28 164 54 34 93 175 100 121 228 20 33 11 73 98 210 79 188 208 3 225 123 113 145 206 35 85 66 212 71 168 81 101 241 133 25 198 179 168 54 8 62 46 206 35 97 126 92 34 220 130 177 70 145 108 181 64 9 218 141 142 202 194 86 182 43 93 35 223 194 195 53 122 177 220 136 59 164 106 48 202 189 139 252 174 220 17 116 78 95 87 154 96 11 178 206 124 208 254 13 129 215 133 193 120 89 77 238 124 214 96 0 134 250 73 194 180 78 34 209 242 214 171 206 237 80 172 187 132 161 237 138 193 78 149 226 215 144 121 97 210 123 131 254 157 38 88 138 120 225 205 177 225 22 99 202 31 215 146 104 40 186 202 118 56 74 77 114 169 135 50 37 59 22 40 228 74 140 71 145 134 88 54 118 87 142 93 242 19 193 89 215 72 28 171 249 217 45 108 197 170 229 45 107 81 245 249 163 113 9 226 54 191 26 91 123 1 153 90 58 255 98 39 217 139 125 60 10 106 80 15 8 26 218 118 98 92 83 228 10 168 72 14 162 241 105 97 173 99 196 5 176 68 211 58 115 73 38 216 148 238 33 200 230 243 105 87 130 21 214 234 241 170 48 207 134 192 218 98 68 5 193 207 97 116 195 176 26 82 130 162 111 0 49 106 208 189 15 50 162 62 37 116 178 75 174 5 97 183 64 123 234 4 188 185 106 229 58 244 131 203 162 25 236 35 72 
Main: PIR result conrrect!
Main: PIR predatabase time is 3267
Main: PIRClient query time is 1
Main: PIRClient serialization time is 1
Main: PIRClient deserialization time is 0
Main: PIRServer reply time is 28524
Main: Query size is 216382
Main: Reply size is 103183
